obList LineCut HardRectEx HardLine InnerLine

LineCut_LineX  -44.838  -45.749  -43.976  -42.742  -41.336  -39.593  -37.243  -35.014  -32.066  -32.079   -8.343   -7.087   65.303   64.516   60.949   47.224   55.656   48.676   42.473   36.720   31.271   22.864   18.976   14.790   13.700   49.499   43.190   38.705   34.629   24.966   19.105   16.894   67.515   65.396   59.903   54.708   48.795   45.292   37.620   25.444    6.699   62.175   57.565   51.046  -71.358  -18.923  -18.344  -15.846  -10.218   70.485    0.010   -0.067    2.683   -3.450    8.861    6.271   -9.223  -10.928  -24.547  -26.834   -8.374  -53.366  -26.840  -24.410  -21.634  -20.497  -19.481  -18.524  -18.165  -18.250  -18.951  -20.181  -21.224  -23.026  -26.051  -29.443  -31.938  -36.449  -39.773  -42.072  -43.942   60.953   65.015   68.934   70.842   72.021   71.744   70.981   69.038   67.545  -13.506   -9.249  -46.404  -73.260    7.813    6.065    5.815    6.306    6.878    7.707    9.543    8.863   11.566   10.562   10.216   10.063   10.449   11.082   12.261   13.119   16.139   26.572   27.828   10.934    7.826   13.544   11.557
LineCut_LineY  -28.917  -31.767  -40.341  -43.305  -45.571  -47.416  -49.422  -50.452  -51.328  -51.357  -65.988  -74.616   -4.624   -7.087  -13.018   -7.324  -11.711  -11.036  -11.487  -12.930  -15.921  -21.573  -24.612  -28.324  -29.486  -15.839  -15.785  -16.607  -18.628  -25.137  -29.980  -32.186  -42.599  -44.002  -46.643  -49.839  -54.605  -56.681  -59.367  -62.994  -66.403   -5.218  -11.562   -4.481  -18.259  -10.360  -12.351  -29.569  -28.796    2.814   -7.606   -9.053  -26.845  -27.768  -62.999  -63.435  -60.593  -60.598  -52.034  -50.383  -65.918  -65.350  -50.385  -48.675  -45.740  -44.035  -41.767  -38.893  -35.884  -33.854  -30.880  -27.604  -25.871  -24.130  -22.301  -21.349  -20.976  -21.523  -22.815  -24.199  -26.960  -13.025  -14.836  -17.631  -22.500  -29.443  -33.680  -36.881  -40.668  -42.570  -30.705  -60.614  -65.416  -21.925  -36.416  -39.944  -42.167  -48.051  -52.050  -55.483  -60.837  -62.995  -38.033  -39.869  -41.518  -43.267  -47.959  -52.507  -56.460  -58.247  -60.414  -58.341  -57.446  -32.301  -36.400  -35.746  -38.039
LineCut_LineNum 10 2 3 10 7 9 3 5 5 2 4 2 19 9 2 2 8 11 2 2

HardRectEx_CircleX   -5.760  -38.645   32.878   66.507   33.688   50.564   25.931   37.429   11.808    3.683  -22.146   -1.418  -11.295    9.757   -8.467    1.393    2.794    5.323    4.802   -5.075  -16.290   14.730  -69.164  -44.788  -52.272  -35.919   14.679   13.500   18.141   18.467  -31.459
HardRectEx_CircleY  -68.960  -66.222  -10.876   -4.241   -4.350   -1.852   -5.492   -8.571   -7.788   -8.809  -12.751  -29.230  -30.790  -12.688  -49.448  -47.953  -57.362  -60.553  -70.341  -72.388  -70.507  -48.222  -19.735  -16.122  -17.228  -14.786  -22.323  -18.543  -48.730  -44.859  -34.407
HardRectEx_CircleR    0.628    0.888    0.496    0.199    0.158    0.141    0.158    0.200    0.152    0.144    0.160    0.154    0.156    0.202    0.155    0.154    0.158    0.198    0.149    0.156    0.254    0.201    0.158    0.159    0.152    0.156    0.602    1.156    0.531    0.742    1.320

HardRectEx_CPolyX   -8.208   -9.452  -10.059   -8.685   -8.208  -10.817  -10.593  -12.500  -12.679  -10.817  -40.873  -36.007  -32.970  -31.832  -32.585  -34.389  -36.641  -39.021  -40.869  -40.873   -1.695    0.170   -6.177   -7.920   -1.695    0.364    3.879   -2.866   -6.009    0.364  -13.813  -12.853   -9.723  -10.313  -13.813  -62.295  -61.927  -20.460  -20.135  -62.295  -26.993  -21.290  -22.260  -23.820  -26.439  -27.982  -29.179  -26.993  -35.935  -33.358  -35.284  -35.675  -40.262  -40.389  -39.430  -35.935   78.088   79.194   79.548   79.475   78.609   77.232   76.356   76.304   76.710   78.088  -36.007  -40.873  -42.447  -42.071  -37.193  -36.868  -36.007  -21.290  -26.993  -26.526  -23.265  -21.791  -21.254  -21.290  -31.360  -30.582  -33.358  -35.935  -31.360  -30.582  -31.360  -27.695  -25.257  -24.850  -25.233  -28.228  -28.515  -30.582  -10.195   -3.460   -2.123   -8.334  -10.195  -16.057  -17.400  -19.766  -18.996  -16.057  -12.853  -13.813  -17.400  -16.057  -12.853   57.213   55.460   54.233   56.562   57.048   57.213   55.460   57.213   59.553   60.464   59.075   58.750   57.223   55.460   15.773   16.363   17.319   17.782   17.334   16.273   15.773   30.720   39.329   44.049   58.748   47.880   44.686   42.470   34.552   30.720   49.953   55.556   54.470   51.689   49.953   21.056   20.481   24.073   24.361   21.056   67.289   64.299   60.427   59.355   59.349   59.768   63.464   65.828   66.808   67.553   67.533   67.289   64.299   67.289   65.098   64.455   63.607   63.393   64.299   -2.771   60.014   61.749    1.333   -2.771   -1.737    0.425    1.902   -0.289   -1.737    9.685   10.913   14.047   12.995    9.685   12.570   14.386   17.680   15.645   12.570   53.150   54.241   54.579   53.150  -18.418  -13.328  -10.505  -15.992  -18.418   -5.375    0.072    2.617   -3.427   -5.375   -0.018   -2.143   -3.232   -1.072   -0.018   27.021   19.945   21.191   24.361   26.376   27.021   33.117   28.973   27.632   25.256   27.521   30.853   32.237   33.117   32.307   29.751   28.247   29.366   33.954   35.484   37.931   32.307   19.945   27.021   29.169   28.603   20.977   19.945
HardRectEx_CPolyY  -69.162  -70.142  -68.205  -67.358  -69.162  -68.752  -69.783  -71.178  -70.198  -68.752  -40.260  -37.280  -39.606  -47.175  -47.865  -47.551  -46.000  -43.494  -40.279  -40.260  -39.479  -51.865  -52.821  -41.055  -39.479  -53.120  -76.419  -75.023  -54.020  -53.120  -38.216  -37.200  -60.056  -60.079  -38.216  -24.846  -23.627  -17.876  -18.866  -24.846  -36.578  -37.418  -40.683  -43.703  -46.363  -46.774  -38.947  -36.578  -24.497  -29.703  -30.880  -30.847  -28.204  -26.998  -25.923  -24.497  -36.483  -36.741  -37.541  -38.436  -39.453  -40.050  -39.630  -38.952  -37.663  -36.483  -37.280  -40.260  -32.662  -31.635  -34.095  -34.588  -37.280  -37.418  -36.578  -33.627  -31.824  -32.365  -33.717  -37.418  -24.003  -29.414  -29.703  -24.497  -24.003  -29.414  -24.003  -24.837  -26.306  -27.259  -28.443  -30.442  -30.466  -29.414  -28.780  -27.779  -36.639  -38.261  -28.780  -32.147  -32.083  -22.377  -21.990  -32.147  -37.200  -38.216  -32.083  -32.147  -37.200  -26.673  -26.982  -17.088  -19.826  -22.271  -26.673  -26.982  -26.673  -31.254  -35.544  -41.162  -41.677  -41.193  -26.982  -52.404  -51.084  -51.375  -52.045  -52.850  -53.083  -52.404  -54.038  -40.617  -39.243  -41.676  -50.162  -52.306  -53.440  -55.956  -54.038  -11.172  -11.702  -13.866  -13.361  -11.172  -49.312  -47.575  -46.642  -48.091  -49.312  -34.409  -34.571  -24.596  -18.581  -17.965  -17.431  -19.030  -21.420  -23.663  -28.215  -33.058  -34.409  -34.571  -34.409  -38.380  -39.202  -39.176  -38.645  -34.571    2.612   12.724    5.956   -3.121    2.612  -39.526  -39.060  -48.265  -48.509  -39.526  -33.734  -32.319  -35.100  -36.707  -33.734  -30.571  -28.593  -31.544  -33.310  -30.571  -16.724  -17.079  -19.696  -16.724  -12.034  -11.104  -28.833  -29.711  -12.034  -10.018   -9.295  -26.868  -27.902  -10.018  -36.069  -36.663  -29.262  -29.099  -36.069  -53.872  -55.201  -48.361  -48.091  -51.433  -53.872  -39.438  -41.937  -41.004  -38.139  -35.884  -36.051  -37.261  -39.438  -52.069  -49.811  -47.534  -45.091  -41.926  -42.181  -43.484  -52.069  -55.201  -53.872  -55.737  -62.030  -63.818  -55.201
HardRectEx_CPolyNum 5 5 10 5 5 5 5 8 8 10 7 7 5 9 5 5 5 6 8 7 9 5 5 12 7 5 5 5 5 4 5 5 5 6 8 8 6

HardLine_LineX    3.876    6.965    7.257   90.520   90.450   90.805   91.000   91.543   86.717   85.664   85.611   83.055   72.507   66.353   56.729   57.392  -44.911  -45.372  -46.186  -46.807  -47.203  -51.105  -50.688  -50.936  -51.405  -52.326  -73.923  -72.739  -71.883  -70.110  -70.423  -73.260  -77.048  -60.854  -53.363  -47.124   -2.876
HardLine_LineY  -76.337  -76.066  -76.337  -42.415  -42.169  -42.022  -42.403  -42.142  -26.396  -28.566  -23.888   -9.830  -10.393   30.008   16.387   11.593   -3.733   -3.549   -3.007   -1.969    0.811    0.228   -2.715   -3.573   -4.241   -4.753   -7.957  -13.680  -17.857  -19.403  -21.383  -21.926  -45.513  -59.127  -65.366  -70.845  -75.035
HardLine_LineNum 37

InnerLine_LineX   -8.491  -18.831  -22.530  -26.797  -30.755  -34.870  -37.542  -41.100  -44.461  -46.971  -49.403  -51.657  -54.181  -56.466  -58.397  -60.482  -62.405  -61.953
InnerLine_LineY  -65.612  -62.678  -62.343  -61.897  -61.256  -60.408  -59.372  -57.748  -55.587  -53.283  -50.525  -47.490  -43.578  -40.007  -36.895  -33.259  -29.499  -23.833
InnerLine_LineNum 18

